%BLOCK LATTICE_CART
ang    # angstrom units
  18.651000000000    0.000000000000     0.000000000000   
  9.325500000000     16.152239805984    0.000000000000   
  9.325500000000     5.384079935328     15.228477730883  
%ENDBLOCK LATTICE_CART

%BLOCK POSITIONS_FRAC
Cu     0.069860000000     0.500000000000     0.500000000000   
Cu     0.500000000000     0.069860000000     0.930140000000   
Cu     0.500000000000     0.930140000000     0.069860000000   
Cu     0.930140000000     0.500000000000     0.500000000000   
Cu     0.069860000000     0.500000000000     0.930140000000   
Cu     0.500000000000     0.930140000000     0.500000000000   
Cu     0.500000000000     0.069860000000     0.500000000000   
Cu     0.930140000000     0.500000000000     0.069860000000   
Cu     0.069860000000     0.930140000000     0.500000000000   
Cu     0.500000000000     0.500000000000     0.069860000000   
Cu     0.500000000000     0.500000000000     0.930140000000   
Cu     0.930140000000     0.069860000000     0.500000000000   
H      0.772600000000     0.467400000000     0.772600000000   
H      0.467400000000     0.772600000000     0.987400000000   
H      0.772600000000     0.987400000000     0.772600000000   
H      0.987400000000     0.772600000000     0.467400000000   
H      0.772600000000     0.772600000000     0.987400000000   
H      0.467400000000     0.987400000000     0.772600000000   
H      0.772600000000     0.772600000000     0.467400000000   
H      0.987400000000     0.467400000000     0.772600000000   
H      0.772600000000     0.987400000000     0.467400000000   
H      0.467400000000     0.772600000000     0.772600000000   
H      0.772600000000     0.467400000000     0.987400000000   
H      0.987400000000     0.772600000000     0.772600000000   
H      0.532600000000     0.227400000000     0.227400000000   
H      0.227400000000     0.532600000000     0.012600000000   
H      0.012600000000     0.227400000000     0.227400000000   
H      0.227400000000     0.012600000000     0.532600000000   
H      0.227400000000     0.227400000000     0.012600000000   
H      0.012600000000     0.532600000000     0.227400000000   
H      0.227400000000     0.227400000000     0.532600000000   
H      0.532600000000     0.012600000000     0.227400000000   
H      0.012600000000     0.227400000000     0.532600000000   
H      0.227400000000     0.532600000000     0.227400000000   
H      0.532600000000     0.227400000000     0.012600000000   
H      0.227400000000     0.012600000000     0.227400000000   
C      0.930900000000     0.474260000000     0.663940000000   
C      0.887400000000     0.467120000000     0.758080000000   
C      0.474260000000     0.930900000000     0.930900000000   
C      0.467120000000     0.887400000000     0.887400000000   
C      0.663940000000     0.930900000000     0.930900000000   
C      0.758080000000     0.887400000000     0.887400000000   
C      0.930900000000     0.663940000000     0.474260000000   
C      0.887400000000     0.758080000000     0.467120000000   
C      0.930900000000     0.663940000000     0.930900000000   
C      0.887400000000     0.758080000000     0.887400000000   
C      0.474260000000     0.930900000000     0.663940000000   
C      0.467120000000     0.887400000000     0.758080000000   
C      0.663940000000     0.930900000000     0.474260000000   
C      0.758080000000     0.887400000000     0.467120000000   
C      0.930900000000     0.474260000000     0.930900000000   
C      0.887400000000     0.467120000000     0.887400000000   
C      0.930900000000     0.930900000000     0.474260000000   
C      0.887400000000     0.887400000000     0.467120000000   
C      0.474260000000     0.663940000000     0.930900000000   
C      0.467120000000     0.758080000000     0.887400000000   
C      0.663940000000     0.474260000000     0.930900000000   
C      0.758080000000     0.467120000000     0.887400000000   
C      0.930900000000     0.930900000000     0.663940000000   
C      0.887400000000     0.887400000000     0.758080000000   
C      0.525740000000     0.069100000000     0.336060000000   
C      0.532880000000     0.112600000000     0.241920000000   
C      0.069100000000     0.525740000000     0.069100000000   
C      0.112600000000     0.532880000000     0.112600000000   
C      0.069100000000     0.336060000000     0.069100000000   
C      0.112600000000     0.241920000000     0.112600000000   
C      0.336060000000     0.069100000000     0.525740000000   
C      0.241920000000     0.112600000000     0.532880000000   
C      0.336060000000     0.069100000000     0.069100000000   
C      0.241920000000     0.112600000000     0.112600000000   
C      0.069100000000     0.525740000000     0.336060000000   
C      0.112600000000     0.532880000000     0.241920000000   
C      0.069100000000     0.336060000000     0.525740000000   
C      0.112600000000     0.241920000000     0.532880000000   
C      0.525740000000     0.069100000000     0.069100000000   
C      0.532880000000     0.112600000000     0.112600000000   
C      0.069100000000     0.069100000000     0.525740000000   
C      0.112600000000     0.112600000000     0.532880000000   
C      0.336060000000     0.525740000000     0.069100000000   
C      0.241920000000     0.532880000000     0.112600000000   
C      0.525740000000     0.336060000000     0.069100000000   
C      0.532880000000     0.241920000000     0.112600000000   
C      0.069100000000     0.069100000000     0.336060000000   
C      0.112600000000     0.112600000000     0.241920000000   
C      0.801500000000     0.467220000000     0.801500000000   
C      0.467220000000     0.801500000000     0.929780000000   
C      0.801500000000     0.929780000000     0.801500000000   
C      0.929780000000     0.801500000000     0.467220000000   
C      0.801500000000     0.801500000000     0.929780000000   
C      0.467220000000     0.929780000000     0.801500000000   
C      0.801500000000     0.801500000000     0.467220000000   
C      0.929780000000     0.467220000000     0.801500000000   
C      0.801500000000     0.929780000000     0.467220000000   
C      0.467220000000     0.801500000000     0.801500000000   
C      0.801500000000     0.467220000000     0.929780000000   
C      0.929780000000     0.801500000000     0.801500000000   
C      0.532780000000     0.198500000000     0.198500000000   
C      0.198500000000     0.532780000000     0.070220000000   
C      0.070220000000     0.198500000000     0.198500000000   
C      0.198500000000     0.070220000000     0.532780000000   
C      0.198500000000     0.198500000000     0.070220000000   
C      0.070220000000     0.532780000000     0.198500000000   
C      0.198500000000     0.198500000000     0.532780000000   
C      0.532780000000     0.070220000000     0.198500000000   
C      0.070220000000     0.198500000000     0.532780000000   
C      0.198500000000     0.532780000000     0.198500000000   
C      0.532780000000     0.198500000000     0.070220000000   
C      0.198500000000     0.070220000000     0.198500000000   
O      0.007400000000     0.478680000000     0.626460000000   
O      0.478680000000     0.007400000000     0.887460000000   
O      0.626460000000     0.887460000000     0.007400000000   
O      0.887460000000     0.626460000000     0.478680000000   
O      0.007400000000     0.626460000000     0.887460000000   
O      0.478680000000     0.887460000000     0.626460000000   
O      0.626460000000     0.007400000000     0.478680000000   
O      0.887460000000     0.478680000000     0.007400000000   
O      0.007400000000     0.887460000000     0.478680000000   
O      0.478680000000     0.626460000000     0.007400000000   
O      0.626460000000     0.478680000000     0.887460000000   
O      0.887460000000     0.007400000000     0.626460000000   
O      0.521320000000     0.992600000000     0.373540000000   
O      0.992600000000     0.521320000000     0.112540000000   
O      0.112540000000     0.373540000000     0.992600000000   
O      0.373540000000     0.112540000000     0.521320000000   
O      0.373540000000     0.992600000000     0.112540000000   
O      0.112540000000     0.521320000000     0.373540000000   
O      0.992600000000     0.373540000000     0.521320000000   
O      0.521320000000     0.112540000000     0.992600000000   
O      0.112540000000     0.992600000000     0.521320000000   
O      0.373540000000     0.521320000000     0.992600000000   
O      0.521320000000     0.373540000000     0.112540000000   
O      0.992600000000     0.112540000000     0.373540000000   
O      0.992600000000     0.521320000000     0.373540000000   
O      0.521320000000     0.992600000000     0.112540000000   
O      0.373540000000     0.112540000000     0.992600000000   
O      0.112540000000     0.373540000000     0.521320000000   
O      0.992600000000     0.373540000000     0.112540000000   
O      0.521320000000     0.112540000000     0.373540000000   
O      0.373540000000     0.992600000000     0.521320000000   
O      0.112540000000     0.521320000000     0.992600000000   
O      0.992600000000     0.112540000000     0.521320000000   
O      0.521320000000     0.373540000000     0.992600000000   
O      0.373540000000     0.521320000000     0.112540000000   
O      0.112540000000     0.992600000000     0.373540000000   
O      0.478680000000     0.007400000000     0.626460000000   
O      0.007400000000     0.478680000000     0.887460000000   
O      0.887460000000     0.626460000000     0.007400000000   
O      0.626460000000     0.887460000000     0.478680000000   
O      0.626460000000     0.007400000000     0.887460000000   
O      0.887460000000     0.478680000000     0.626460000000   
O      0.007400000000     0.626460000000     0.478680000000   
O      0.478680000000     0.887460000000     0.007400000000   
O      0.887460000000     0.007400000000     0.478680000000   
O      0.626460000000     0.478680000000     0.007400000000   
O      0.478680000000     0.626460000000     0.887460000000   
O      0.007400000000     0.887460000000     0.626460000000   
%ENDBLOCK POSITIONS_FRAC
